33 ,3 ,333 Ξ. ...33 33, ,333 333,
33, ,3, ,2 33 33, ...33 333, 3333333, <„3

.. „333033083333233

. 33233333343333333, ..3,,3
..33 3., 333 ,3 33, 3 ...3,333, 3,.33
333333, 3333333333 33
33333333 ..3333333333

333, 3....,3 33... ...3,3. 3.,33 3.3 3,,3.. 3333..

333333, ,333 3,, .,333,,,33ῖ 33ᾱῶ ἓ
333, 3333, 333, 33, 333, ,33 33,
...3. 33, 33, 33, 3,, 33 33, ἓ,
. ,333333 {3 333.. 3., J 33333, 3
,333 333333, 3., ..3 33 ,3333 333
...330 333, 33, 33333 3333333, 3333,
,333 3., ...33 33 3., ,33
3333, 33333333333333 333,
333333.. 3. ‚13 33 3., ,3,

, , 3ἔ333333ἓ 0}ss ἔξὶῆῖξο,

3,, 33, 33 3,, 33, ,3, ,33 ,3, f.
333,,,3,Λ,, 333333, „333 33 33,

 

